100 100
1 1 10 1 1 1 1 1 1 1
1 1 1 1 1 1 1 1 1 1
1 1 1 1 1 1 1 1 1 1
1 1 1 1 1 1 1 1 1 1
1 1 1 10 1 1 1 1 1 1
1 1 1 1 1 1 1 1 1 1
1 1 1 1 1 1 1 1 1 1
1 1 1 1 1 1 1 1 1 1
1 1 1 1 1 1 1 1 1 1
1 1 1 1 10 1 1 1 1 1
1 1 1 1 1 1 1 1 1 1
1 1 1 1 1 1 1 1 1 1
1 1 1 1 1 1 1 1 1 1
1 1 1 1 1 1 1 1 1 1
1 1 1 1 1 1 1 1 1 1
1 1 1 1 1 1 1 1 1 1
1 1 1 1 1 1 1 1 1 1
1 1 1 1 1 1 1 1 1 1
1 1 1 1 1 1 1 1 1 1
1 1 1 1 1 1 1 1 1 1
0.3 4 -0.6 0.3 0.4 -0.6 0.3 0.4 -0.6 0.3 0.4 -0.6 0.3
0.3 4 -0.6 0.3 0.4 -0.6 0.3 0.4 -0.6 0.3 0.4 -0.6 0.3
0.3 4 -0.6 0.3 0.4 -0.6 0.3 0.4 -0.6 0.3 0.4 -0.6 0.3
0.3 4 -0.6 0.3 0.4 -0.6 0.3 0.4 -0.6 0.3 0.4 -0.6 0.3
0.3 4 -0.6 0.3 0.4 -0.6 0.3 0.4 -0.6 0.3 0.4 -0.6 0.3
0.3 4 -0.6 0.3 0.4 -0.6 0.3 0.4 -0.6 0.3 0.4 -0.6 0.3
0.3 4 -0.6 0.3 0.4 -0.6 0.3 0.4 -0.6 0.3 0.4 -0.6 0.3
0.3 4 -0.6 0.3 0.4 -0.6 0.3 0.4 -0.6 0.3 0.4 -0.6 0.3
0.3 4 -0.6 0.3 0.4 -0.6 0.3 0.4 -0.6 0.3 0.4 -0.6 0.3
0.3 4 -0.6 0.3 0.4 -0.6 0.3 0.4 -0.6 0.3 0.4 -0.6 0.3
-2 3 1 -2 3 1 -2 3 1 -2
-2 3 1 -2 3 1 -2 3 1 -2
-2 3 1 -2 3 1 -2 3 1 -2
-2 3 1 -2 3 1 -2 3 1 -2
-2 3 1 -2 3 1 -2 3 1 -2
-2 3 1 -2 3 1 -2 3 1 -2
-2 3 1 -2 3 1 -2 3 1 -2
-2 3 1 -2 3 1 -2 3 1 -2
-2 3 1 -2 3 1 -2 3 1 -2
-2 3 1 -2 3 1 -2 3 1 -2
